384
1131
385
1516
1141
1140
387
1128
386
388
1144
390
389
1147
391
1139
394
1138
1151
397
1135
210
1152
369
361
1137
1142
1145
366
365
392
1132
282
393
1146
1134
357
1153
358
1150
1143
1133
359
235
298
1148
931
1136
289
368
928
283
1317
965
308
933
947
208
307
964
211
934
1525
138
930
937
1311
212
1526
121
864
1531
219
1310
218
1527
944
1314
1301
943
946
1288
221
144
233
949
940
145
1523
1522
1308
863
199
161
935
1304
1521
207
1524
1316
1312
866
867
868
93
203
1302
120
1309
336
950
323
1307
119
118
108
333
1520
1303
330
335
1278
1510
105
107
106
1273
329
328
160
1282
322
321
1284
213
1286
209
216
313
1264
312
310
1272
103
1267
1268
110
398
326
304
1276
360
315
320
1270
314
316
1283
311
317
1280
1266
1285
325
331
334
1277
337
1265
1279
1269
372
1281
373
362
1275
1274
1149
374
383
1175
